1412
3
5
7
11
13
17
19
23
29
31
37
41
43
47
53
59
61
67
71
73
79
83
89
97
101
103
107
109
113
127
131
137
139
149
151
157
163
167
173
179
181
191
193
197
199
211
223
227
229
233
239
241
251
263
269
277
281
293
307
311
313
331
337
347
349
353
367
373
379
383
389
397
401
419
431
433
439
443
457
461
463
467
479
491
499
503
509
521
541
547
557
569
577
587
601
607
613
617
619
631
641
647
659
673
683
691
709
733
739
743
751
757
761
773
797
809
811
823
827
829
857
859
863
877
881
887
907
911
919
929
937
947
967
977
983
997
1009
1019
1021
1031
1039
1091
1097
1109
1129
1163
1181
1193
1201
1213
1217
1229
1231
1237
1277
1279
1283
1297
1321
1373
1381
1399
1427
1453
1481
1489
1511
1559
1567
1571
1579
1597
1601
1609
1613
1619
1637
1657
1663
1667
1697
1723
1741
1777
1783
1787
1889
1901
1907
1973
1979
2011
2063
2069
2129
2143
2179
2203
2221
2237
2281
2287
2293
2309
2371
2377
2381
2579
2617
2633
2659
2663
2671
2687
2689
2719
2741
2753
2767
2801
2843
2917
2957
3011
3019
3049
3061
3209
3257
3259
3313
3331
3343
3347
3361
3389
3499
3529
3607
3613
3701
3727
3779
3803
3863
3907
3917
3919
3989
4001
4021
4079
4099
4129
4217
4283
4289
4357
4363
4391
4409
4423
4493
4523
4567
4583
4597
4603
4643
4723
4783
4813
4831
4861
4889
4951
5099
5107
5197
5261
5503
5519
5569
5659
5779
5903
6011
6029
6043
6079
6133
6203
6299
6373
6421
6481
6551
6563
6619
6679
6691
6733
6737
6763
6803
6947
6967
7027
7187
7207
7237
7253
7351
7417
7489
7529
7547
7573
7603
7673
7727
7741
7757
7951
8123
8243
8263
8293
8297
8311
8377
8419
8543
8597
8641
8677
8731
8951
9067
9151
9173
9199
9283
9337
9467
9661
9679
9721
10181
10223
10333
10369
10499
10651
10663
10667
10909
10937
10979
10987
11083
11173
11243
11257
11311
11383
11411
11497
11549
11579
11593
11699
11821
11833
11933
12323
12433
12539
12589
12671
12703
12743
12829
12889
12893
12907
13037
13103
13171
13267
13337
13381
13757
14033
14303
14549
14669
14723
15017
15077
15307
15313
15413
15439
15461
15641
15787
15797
15859
16183
16187
16253
16301
16333
16477
16487
16607
16619
16927
16963
17107
17189
17321
17351
17387
17539
17551
17713
17891
17957
17977
18691
18773
18913
19381
19463
19751
20047
20219
20233
20399
20947
21001
21221
21227
21401
21799
22063
22147
22277
22291
22307
22571
22573
22637
22643
22651
22721
22921
23081
23117
23827
24103
24443
24481
24547
24571
24677
24919
24989
25243
25583
25657
25717
26729
27059
27109
27197
27211
27337
27653
27733
28279
28597
28669
28979
29387
29669
30097
30133
30181
30449
30713
31063
31139
31159
31321
31793
32261
32297
32707
33211
33353
35419
36781
37831
37847
37907
38083
38317
38377
38611
38653
38861
39293
39709
39727
40189
40487
40823
41023
41843
41999
42209
42307
42683
44623
44651
45317
45361
45377
45863
45943
46663
46723
46747
47059
47507
48337
49193
49297
49919
49957
50411
50857
50957
51263
51421
51869
52027
52127
52709
52817
52859
53113
53117
53281
54421
55331
56081
56167
56779
57689
58147
58151
58439
59651
61463
62351
62539
62563
62617
63029
63391
63419
64037
65287
65413
65899
66071
66359
67577
69067
69371
71909
71917
72229
72353
72649
73039
73517
73673
74143
74323
75989
76697
77743
78167
78277
78517
78941
80737
81509
84407
84421
84761
84809
85091
85147
85411
87541
87793
88037
89209
91733
91757
92251
93113
96581
98443
98899
99173
101531
102139
102931
103577
103619
105319
106501
107099
108571
108707
108803
111121
111791
111863
112787
113797
114167
114203
115331
116827
117353
117701
118051
118913
120011
120017
120641
121291
122201
122527
122557
122609
122743
124339
125101
126481
126493
127997
128153
128437
130817
132169
133319
134269
134443
136193
136541
139393
140557
143401
146221
147151
149603
153953
154409
154727
156127
158429
160933
163171
163819
166667
167087
168731
168863
170279
171763
172573
174599
174829
176317
176551
177409
177431
178447
180181
180247
180797
182999
186671
187637
197273
197347
197971
198197
200087
201209
202667
204067
205187
205339
206827
208931
212123
214639
219353
219727
221873
222317
223277
223841
224947
227537
229403
229819
232741
235751
238463
239633
241067
241391
243091
244091
245653
247001
248167
253343
254971
255803
255839
258113
259429
260849
262981
265273
269179
269713
270601
271067
276293
277691
278891
280703
281279
283207
285839
289381
290671
291271
293269
298679
300413
304523
305581
310111
314137
315547
316109
318559
319901
324097
325153
325343
325463
326539
327881
329473
331147
341357
343667
345853
347033
352813
354301
361279
362353
367207
367733
369487
372943
374587
377021
377231
377561
378901
379727
384919
392741
393137
398459
400651
402613
404959
405497
411721
417451
419927
422563
426691
427279
427883
429397
431047
437357
441281
446731
450503
456283
465407
467239
468253
468887
477727
478603
485161
486391
498599
500333
500911
510773
530021
530641
530731
534077
537233
537307
541657
544123
546739
549587
550189
550369
551717
553607
557489
568367
582013
586153
588019
598933
620329
641077
645257
650591
656561
671189
672289
686723
697637
700523
702887
713389
731567
732257
733003
738211
743297
746117
749927
751633
760237
766531
769871
770639
797729
799147
802511
809771
813583
813907
818429
828397
836189
841069
841207
841447
852769
864491
892597
899233
900143
905143
919757
925741
928273
935813
937667
939179
943951
945817
961073
961613
962839
967201
971939
998429
1001941
1010567
1010747
1011163
1012631
1014487
1021571
1025911
1043177
1047031
1066067
1068989
1096673
1101689
1104517
1104913
1110367
1113029
1125581
1142693
1147969
1167847
1193267
1193369
1196593
1203443
1203791
1203971
1220803
1232351
1237213
1238459
1239127
1239751
1245401
1260569
1261321
1282637
1292503
1296679
1301173
1306181
1309559
1312673
1340011
1352347
1353133
1353223
1375373
1377967
1382189
1453759
1479109
1525819
1530611
1547713
1556963
1576021
1578581
1582159
1582447
1588673
1608041
1630913
1632769
1641373
1688101
1699361
1713289
1714919
1740301
1750127
1779361
1836689
1838909
1875229
1896161
1933049
1959073
1979077
1990253
1996363
1997969
2005763
2019769
2023913
2071591
2081147
2124491
2143313
2147297
2156117
2183453
2198881
2232821
2281891
2285891
2311843
2321243
2323457
2325793
2334259
2334503
2337541
2337889
2383411
2387911
2430601
2466103
2478703
2481887
2490377
2496577
2497751
2546183
2553527
2633447
2640139
2675989
2709283
2715809
2719219
2749511
2751787
2753459
2758901
2824579
2836129
2839769
2854651
2893727
2910829
2916581
2948489
2960603
2983069
2988169
2990017
3030893
3066563
3092137
3106273
3116317
3159227
3182369
3187241
3192037
3193319
3196913
3202153
3204809
3329653
3420701
3470891
3507901
3541921
3561023
3596653
3596759
3609503
3642817
3656633
3728311
3807553
3891037
3914003
3939031
4040527
4053613
4069003
4133413
4161461
4278839
4324471
4412663
4414763
4426853
4435943
4453777
4477453
4504883
4553917
4557257
4602593
4608691
4680503
4701343
4714901
4725437
4755433
4834267
4854779
4863011
4865551
4974311
4983217
4989293
5078581
5171407
5194879
5225261
5230403
5256359
5260279
5261647
5279609
5296631
5331661
5353291
5415689
5422903
5478779
5488579
5531041
5562457
5697931
5831767
5838919
6029939
6111593
6182879
6328759
6346811
6347567
6378011
6427537
6485119
6612013
6721147
6778661
6874799
6907877
6985631
7081337
7155409
7243861
7447357
7463957
7472429
7537913
7627247
7708607
7732847
7807951
7883261
7998077
8043463
8048671
8136169
8153681
8170189
8187617
8239639
8335289
8367571
8494081
8608973
8634253
8648839
8699423
8761967
8793173
8801399
8814167
8849177
9135233
9177257
9186077
9229699
9353497
9359447
9390281
9569683
9684973
9704887
9762227
9765529
9919009
9941467
10009283
10238399
10300669
10338199
10496047
10514459
10761977
10854049
10887113
10945427
11161807
11202809
11247367
11347793
11354677
11416589
11443931
11564629
11717297
11874571
11882401
12007529
12140143
12196087
12241213
12320977
12446069
12451903
12538931
12617783
12651733
12654881
12666421
12696641
12793499
13192661
13289299
13337531
13356701
13382599
13428889
13461727
13589981
13632877
13784321
13839821
14008727
14235197
14255677
14477711
14678471
14874793
14896487
14969737
15002777
15098053
15138353
15242083
15300163
15314647
15333007
15394607
15407657
15409943
15484453
15634579
15762569
15799129
15901549
16127039
16668557
16723571
16856621
16952051
16988123
16994057
17012143
17059019
17315429
17603743
17940691
17942987
18158381
18231397
18278857
18379007
19246967
19292489
19384439
19817297
19819607
19910057
19943551
20259191
20530397
20569379
20643527
20943883
21011537
21051383
21180751
21239957
21470363
21482051
21521963
21664417
21670217
21744431
21974899
22125541
22172261
22553941
22863473
23111723
23274187
23324099
23856089
24415681
25489427
26059987
26369851
26567159
26696237
26756497
27003971
27011891
27416923
27706417
27831763
27971549
28505747
28583389
28896053
28968347
28978567
28996573
29213003
29345971
29509901
29521099
30591157
30884731
30967933
31072823
31744007
31842449
31918339
32179813
32225327
32467307
32692963
33238549
33446317
33479449
33609113
33665309
34284179
34600051
34659217
34855213
34943939
35291363
35786843
35982731
37322387
37930721
37958471
38269129
38524037
38801209
38877499
39132469
39213403
39723379
39857501
40237919
40487413
40529189
41206499
42192949
42339001
42604007
43402967
43502897
43589213
44054051
44135089
45350689
45858143
45997961
46346249
46865891
46893839
47099903
47212687
47592563
47700683
47833361
47884489
48400663
48769961
48814459
50124391
51263237
52909217
53122051
53790131
53877713
53991713
54630481
54680753
54957499
55175749
55449799
55465651
55919893
55950311
56254969
56596703
56605459
56617949
57170171
57272329
57858419
59559079
